585
572
412
592
333
214
173
16
497
289
402
328
431
18
542
487
90
194
193
305
412
490
102
285
186
269
133
161
137
289
233
407
546
84
599
447
83
466
349
326
229
161
410
201
128
302
384
416
459
475
352
75
521
204
528
13
540
186
24
107
368
221
426
509
116
87
136
135
515
47
46
403
150
114
589
392
547
91
55
351
53
212
438
497
171
164
260
162
466
492
329
478
583
190
459
253
599
213
245
356
498
105
525
493
403
28
420
542
184
168
99
398
446
159
328
80
469
239
460
394
538
166
22
58
75
332
556
246
280
448
363
355
52
552
319
346
13
275
120
198
188
316
507
385
28
435
421
21
565
415
46
83
145
295
350
286
232
98
158
455
563
280
79
396
527
595
12
542
195
457
116
555
88
216
317
116
213
243
494
98
337
361
251
440
350
390
287
578
297
271
198
42
103
366
496
403
505
45
587
71
467
1
126
484
167
216
258
400
444
225
357
267
250
495
238
321
562
297
411
392
473
444
25
90
125
263
178
11
34
517
337
534
342
553
394
288
435
376
563
192
225
31
220
6
287
594
549
221
530
551
376
171
70
574
30
72
213
378
364
211
78
304
355
342
238
111
186
208
354
569
24
549
9
221
421
485
350
477
361
232
20
256
546
453
268
141
447
453
495
312
93
200
195
172
553
531
454
445
231
100
338
489
37
381
26
582
342
362
457
407
544
112
176
495
20
420
157
8
180
223
417
198
270
495
138
406
462
151
459
96
344
111
85
545
295
67
387
274
205
389
63
268
388
352
487
283
383
142
170
157
206
350
426
89
535
590
64
304
204
381
308
271
489
544
119
466
18
410
461
159
523
342
67
74
531
437
288
467
290
515
279
595
399
549
463
444
115
308
23
166
510
222
468
112
263
471
171
245
221
543
263
534
452
393
581
512
329
147
172
373
484
68
307
25
122
159
30
42
60
351
497
160
434
587
174
443
92
464
232
133
200
83
174
566
236
8
118
106
223
565
66
171
1
422
138
94
371
385
535
515
343
591
416
510
553
569
315
255
504
97
213
196
276
414
406
440
143
352
142
96
44
115
508
540
380
310
95
474
94
451
414
327
383
363
508
181
103
112
444
343
334
312
571
440
385
556
293
177
373
108
62
219
486
448
244
52
532
515
72
462
250
439
422
290
155
400
549
549
110
543
280
237
145
234
405
460
486
102
575
136
37
568
240
13
473
600
590
364
157
294
200
130
336
283
194
423
331
531
191
173
549
403
42
496
449
222
23
283
268
180
530
306
563
173
280
281
175
595
248
151
590
56
521
263
305
506
510
83
116
256
68
229
131
385
229
86
306
560
396
159
40
175
430
396
128
496
44
269
426
324
472
587
588
444
28
191
211
203
548
137
178
299
460
84
295
25
546
116
155
388
471
348
345
217
538
37
377
595
543
180
545
328
324
582
153
113
49
259
129
550
206
268
160
481
397
27
165
161
227
281
428
62
42
558
533
95
430
336
374
152
86
481
10
129
264
425
466
556
124
228
325
199
584
143
134
168
87
367
583
184
47
271
438
387
394
414
104
189
263
214
517
346
170
57
567
283
415
126
447
71
417
228
502
202
105
582
72
230
348
138
494
425
28
563
18
374
200
502
590
166
346
300
211
566
446
576
541
195
271
479
136
571
30
444
506
83
161
352
278
470
333
287
231
404
193
324
565
415
529
243
303
68
298
498
226
135
564
467
268
498
407
84
371
557
466
185
279
367
274
295
470
497
259
32
154
306
587
406
545
28
217
169
507
54
277
531
593
142
316
528
293
412
449
498
133
560
198
52
482
263
185
542
161
547
97
338
436
535
211
455
82
40
386
374
489
317
269
387
146
99
276
36
129
176
193
298
324
376
326
148
202
413
140
436
30
553
517
295
287
76
24
483
227
261
442
172
558
570
156
106
381
326
319
61
440
479
518
133
189
77
532
66
387
325
294
155
373
559
516
226
416
390
110
459
327
594
285
159
14
277
404
335
404
580
464
474
57
598
60
243
280
21
465
269
520
203
377
325
342
213
257
341
278
52
497
575
506
522
225
324
390
540
388
499
166
290
507
141
268
209
526
224
54
147
216
375
168
84
377
108
491
492
5
142
93
280
42
80
181
351
9
559
62
141
513
599
96
541
197
60
582
463
456
404
331
200
528
549
246
425
96
598
461
486
73
13
533
474
333
282
542
575
50
246
404
93
15
170
250
44
54
574
581
261
389
348
285
73
92
123
535
8
310
120
502
159
77
364
249
498

